0.806136190891
0.060027807951
0.026113793254
-0.448682427406
-0.516510486603
0.500910043716
0.263511896133
-0.007800223771
-0.584338486195
-0.346940398216
0.433081984520
0.060027807951
0.297425925732
-0.584338486195
-0.482596457005
0.636566102505
-0.109542272985
0.500910043716
-0.516510486603
-0.618252515793
0.873964190483
-0.007800223771
0.399167954922
-0.380854398012
-0.719994544983
0.534824013710
0.263511896133
0.093941822648
-0.346940398216
-0.177370309830
0.500910043716
0.297425925732
0.127855837345
-0.516510486603
-0.143456295133
0.568738043308
0.026113793254
0.331339925528
-0.550424456596
-0.550424456596
0.806136190891
0.026113793254
0.263511896133
-0.346940398216
-0.618252515793
0.840050160885
0.093941822648
0.127855837345
-0.380854398012
-0.414768427610
0.568738043308
0.195683866739
0.127855837345
-0.584338486195
-0.346940398216
0.568738043308
-0.007800223771
0.263511896133
-0.550424456596
-0.380854398012
0.636566102505
-0.211284324527
0.500910043716
-0.448682427406
-0.652166545391
0.772222161293
0.127855837345
0.263511896133
-0.414768427610
-0.550424456596
0.602652072906
0.263511896133
0.026113793254
-0.380854398012
-0.448682427406
0.433081984520
0.161769852042
0.060027807951
-0.550424456596
-0.245198339224
0.568738043308
-0.041714239866
0.399167954922
-0.618252515793
-0.516510486603
0.670480072498
-0.007800223771
0.399167954922
-0.380854398012
-0.516510486603
0.704394102097
-0.041714239866
0.161769852042
-0.245198339224
-0.482596457005
0.500910043716
0.093941822648
-0.007800223771
-0.414768427610
-0.414768427610
0.500910043716
0.093941822648
0.229597896338
-0.618252515793
-0.313026368618
0.738308131695
-0.075628258288
0.331339925528
-0.584338486195
-0.550424456596
0.907878220081
-0.007800223771
0.161769852042
-0.279112339020
-0.584338486195
0.670480072498
0.161769852042
0.127855837345
-0.313026368618
-0.414768427610
0.500910043716
0.331339925528
0.161769852042
-0.719994544983
-0.313026368618
0.568738043308
0.093941822648
0.466996014118
-0.550424456596
-0.448682427406
0.670480072498
-0.109542272985
0.365253955126
-0.346940398216
-0.584338486195
0.806136190891
-0.075628258288
0.026113793254
-0.279112339020
-0.550424456596
0.636566102505
0.127855837345
-0.109542272985
-0.482596457005
-0.346940398216
0.500910043716
0.161769852042
0.195683866739
-0.652166545391
-0.346940398216
0.670480072498
-0.109542272985
0.433081984520
-0.516510486603
-0.618252515793
0.873964190483
0.026113793254
0.229597896338
-0.279112339020
-0.686080574989
0.704394102097
0.331339925528
0.195683866739
-0.414768427610
-0.584338486195
0.568738043308
0.229597896338
0.127855837345
-0.618252515793
-0.448682427406
0.636566102505
-0.007800223771
0.331339925528
-0.482596457005
-0.380854398012
0.704394102097
-0.041714239866
0.399167954922
-0.414768427610
-0.686080574989
0.873964190483
-0.007800223771
0.127855837345
-0.346940398216
-0.618252515793
0.568738043308
0.195683866739
0.161769852042
-0.584338486195
-0.346940398216
0.534824013710
0.195683866739
0.195683866739
-0.618252515793
-0.279112339020
0.602652072906
0.093941822648
0.500910043716
-0.584338486195
-0.652166545391
0.704394102097
0.026113793254
0.229597896338
-0.346940398216
-0.550424456596
0.873964190483
0.026113793254
0.026113793254
-0.313026368618
-0.414768427610
0.602652072906
0.399167954922
0.060027807951
-0.584338486195
-0.482596457005
0.568738043308
0.093941822648
0.331339925528
-0.550424456596
-0.346940398216
0.738308131695
-0.041714239866
0.500910043716
-0.414768427610
-0.753908574581
0.806136190891
0.060027807951
0.127855837345
-0.109542272985
-0.448682427406
0.704394102097
0.229597896338
0.127855837345
-0.482596457005
-0.245198339224
0.534824013710
0.195683866739
0.263511896133
-0.618252515793
-0.279112339020
0.670480072498
-0.143456295133
0.433081984520
-0.652166545391
-0.516510486603
0.704394102097
-0.041714239866
0.161769852042
-2.381781339645
-8.384562492371
-13.437750816345
-15.981302261353
-14.997795104980
-15.642161369324
-16.659582138062
-15.336935043335
-15.676075935364
-16.184785842896
-16.591754913330
-15.947387695312
-14.929966926575
-15.269107818604
-15.370849609375
-16.490011215210
-15.981302261353
-14.387343406677
-16.049129486084
-15.370849609375
-15.913474082947
-16.184785842896
-14.828225135803
-15.472591400146
-15.438677787781
-16.049129486084
-16.116958618164
-14.726483345032
-15.506505966187
-15.608247756958
-15.845645904541
-15.981302261353
-14.963881492615
-15.235193252563
-15.438677787781
-16.320442199707
-15.642161369324
-14.828225135803
-15.574333190918
-15.167365074158
-16.049129486084
-15.981302261353
-14.658655166626
-15.574333190918
-15.506505966187
-15.879559516907
-16.049129486084
-14.828225135803
-15.676075935364
-15.472591400146
-15.981302261353
-15.947387695312
-14.862139701843
-15.336935043335
-15.642161369324
-16.049129486084
-15.743904113770
-14.929966926575
-15.404763221741
-15.404763221741
-16.218700408936
-15.777817726135
-14.896053314209
-15.642161369324
-15.404763221741
-16.218700408936
-16.218700408936
-14.828225135803
-15.709989547729
-15.709989547729
-16.015214920044
-16.286527633667
-14.760396957397
-15.676075935364
-15.574333190918
-15.913474082947
-15.845645904541
-15.269107818604
-15.540419578552
-15.540419578552
-16.252613067627
-16.015214920044
-15.099537849426
-15.676075935364
-15.472591400146
-16.218700408936
-16.150871276855
-14.997795104980
-15.845645904541
-15.472591400146
-16.320442199707
-16.218700408936
-14.828225135803
-15.709989547729
-15.913474082947
-16.083044052124
-16.218700408936
-15.133451461792
-15.608247756958
-15.743904113770
-16.388269424438
-16.083044052124
-15.235193252563
-15.709989547729
-15.811731338501
-16.422183990479
-16.049129486084
-15.065623283386
-15.947387695312
-15.506505966187
-16.286527633667
-16.354356765747
-14.997795104980
-15.913474082947
-15.845645904541
-16.150871276855
-16.456098556519
-15.133451461792
-15.811731338501
-15.913474082947
-16.286527633667
-16.218700408936
-15.404763221741
-15.608247756958
-15.879559516907
-16.456098556519
-16.083044052124
-15.201279640198
-15.811731338501
-15.676075935364
-16.422183990479
-16.252613067627
-15.065623283386
-16.049129486084
-15.676075935364
-16.320442199707
-16.490011215210
-14.862139701843
-15.913474082947
-15.845645904541
-16.252613067627
-16.456098556519
-15.099537849426
-15.642161369324
-15.879559516907
-16.286527633667
-16.252613067627
-15.269107818604
-15.709989547729
-15.642161369324
-16.523925781250
-16.116958618164
-15.099537849426
-16.049129486084
-15.676075935364
-16.422183990479
-16.456098556519
-15.099537849426
-16.049129486084
-15.845645904541
-16.184785842896
-16.388269424438
-15.133451461792
-15.811731338501
-16.083044052124
-16.252613067627
-16.354356765747
-15.438677787781
-15.642161369324
-15.879559516907
-16.523925781250
-16.286527633667
-15.336935043335
-16.015214920044
-15.676075935364
-16.422183990479
-16.354356765747
-15.269107818604
-16.150871276855
-15.642161369324
-16.252613067627
-16.456098556519
-15.099537849426
-16.083044052124
-15.913474082947
-16.286527633667
-16.523925781250
-15.269107818604
-15.709989547729
-15.845645904541
-16.388269424438
-16.252613067627
-15.438677787781
-15.743904113770
-15.913474082947
-16.456098556519
-16.184785842896
-15.269107818604
-16.218700408936
-15.574333190918
-16.422183990479
-16.354356765747
-15.065623283386
-16.015214920044
-15.777817726135
-16.218700408936
-16.490011215210
-14.997795104980
-15.913474082947
-15.845645904541
-16.320442199707
-16.388269424438
-15.438677787781
-15.709989547729
-15.879559516907
-16.456098556519
-16.218700408936
-15.370849609375
-15.879559516907
-15.642161369324
-16.625667572021
-16.422183990479
-15.133451461792
-15.947387695312
-15.709989547729
-16.422183990479
-16.523925781250
-15.167365074158
-16.049129486084
-15.913474082947
-16.286527633667
-16.422183990479
-15.167365074158
-15.777817726135
-15.947387695312
-16.320442199707
-16.252613067627
-15.336935043335
-15.777817726135
-15.811731338501
-16.625667572021
-16.218700408936
-15.201279640198
-16.049129486084
-15.845645904541
-16.523925781250
-16.388269424438
-15.099537849426
-16.083044052124
-15.845645904541
-16.354356765747
-16.456098556519
-14.997795104980
-15.879559516907
-15.913474082947
-16.252613067627
-16.252613067627
-15.167365074158
-15.709989547729
-15.811731338501
-16.591754913330
-16.252613067627
-15.269107818604
-15.981302261353
-15.709989547729
-16.659582138062
-16.320442199707
-15.099537849426
-16.015214920044
-15.608247756958
-16.354356765747
-16.591754913330
-14.896053314209
-15.981302261353
-15.947387695312
-16.490011215210
-16.523925781250
-15.133451461792
-15.642161369324
-15.947387695312
-16.286527633667
-16.388269424438
-15.438677787781
-15.743904113770
-15.879559516907
-16.557840347290
-16.184785842896
-15.269107818604
-15.913474082947
-15.540419578552
-16.490011215210
-16.354356765747
-15.201279640198
-16.184785842896
-15.743904113770
-16.422183990479
-16.490011215210
-15.167365074158
-15.913474082947
-16.015214920044
-16.150871276855
-16.490011215210
-15.235193252563
-15.743904113770
-15.981302261353
-16.286527633667
-16.083044052124
-15.404763221741
-15.879559516907
-15.709989547729
-16.557840347290
-16.150871276855
-15.235193252563
-16.116958618164
-15.709989547729
-16.388269424438
-16.557840347290
-15.065623283386
-15.947387695312
-15.879559516907
-16.218700408936
-16.557840347290
-15.201279640198
-15.879559516907
-15.947387695312
-16.388269424438
-16.354356765747
-15.438677787781
-15.709989547729
-15.879559516907
-16.557840347290
-16.116958618164
-15.269107818604
-15.947387695312
-15.777817726135
-16.456098556519
-16.354356765747
-15.201279640198
-16.083044052124
-15.777817726135
-16.422183990479
-16.523925781250
-15.099537849426
-16.015214920044
-15.845645904541
-16.184785842896
-16.388269424438
-15.438677787781
-15.879559516907
-16.015214920044
-16.354356765747
-16.184785842896
-15.438677787781
-16.015214920044
-15.777817726135
-16.659582138062
-16.320442199707
-15.269107818604
-16.116958618164
-15.676075935364
-16.490011215210
-16.625667572021
-15.167365074158
-16.049129486084
-15.811731338501
-15.947387695312
-15.269107818604
-11.640307426453
-8.113249778748
-3.060061693192
-0.516510486603
-0.584338486195
0.093941822648
0.399167954922
0.670480072498
-0.245198339224
0.060027807951
0.941792249680
0.161769852042
0.399167954922
-0.618252515793
-0.550424456596
0.907878220081
0.161769852042
0.297425925732
-0.279112339020
-0.482596457005
1.009620308876
0.127855837345
0.263511896133
-0.245198339224
-0.482596457005
0.704394102097
0.365253955126
0.093941822648
-0.075628258288
-0.279112339020
0.568738043308
0.263511896133
0.331339925528
-0.482596457005
-0.007800223771
0.907878220081
0.026113793254
0.399167954922
-0.448682427406
-0.346940398216
0.907878220081
-0.007800223771
0.297425925732
-0.245198339224
-0.516510486603
0.907878220081
0.127855837345
0.161769852042
-0.177370309830
-0.380854398012
0.500910043716
0.466996014118
0.229597896338
-0.482596457005
-0.279112339020
0.704394102097
0.026113793254
0.263511896133
-0.414768427610
-0.380854398012
0.704394102097
0.060027807951
0.433081984520
-0.448682427406
-0.652166545391
0.941792249680
0.093941822648
0.093941822648
-0.279112339020
-0.516510486603
0.670480072498
0.365253955126
0.093941822648
-0.211284324527
-0.414768427610
0.602652072906
0.297425925732
0.263511896133
-0.516510486603
-0.245198339224
0.806136190891
0.026113793254
0.568738043308
-0.482596457005
-0.448682427406
0.873964190483
-0.041714239866
0.331339925528
-0.313026368618
-0.550424456596
0.941792249680
0.127855837345
0.093941822648
-0.245198339224
-0.448682427406
0.568738043308
0.331339925528
0.161769852042
-0.414768427610
-0.143456295133
0.670480072498
0.195683866739
0.399167954922
-0.516510486603
-0.380854398012
0.738308131695
-0.007800223771
0.399167954922
-0.279112339020
-0.618252515793
0.975706219673
0.195683866739
0.161769852042
-0.313026368618
-0.652166545391
0.772222161293
0.433081984520
0.127855837345
-0.380854398012
-0.346940398216
0.534824013710
0.161769852042
0.161769852042
-0.618252515793
-0.211284324527
0.670480072498
-0.007800223771
0.466996014118
-0.279112339020
-0.414768427610
0.873964190483
-0.007800223771
0.195683866739
-0.279112339020
-0.482596457005
0.873964190483
0.127855837345
0.060027807951
-0.313026368618
-0.448682427406
0.636566102505
0.365253955126
0.161769852042
-0.380854398012
-0.177370309830
0.568738043308
0.161769852042
0.263511896133
-0.414768427610
-0.313026368618
0.704394102097
-0.109542272985
0.466996014118
-0.380854398012
-0.618252515793
0.840050160885
0.026113793254
0.127855837345
-0.313026368618
-0.686080574989
0.738308131695
0.263511896133
0.060027807951
-0.313026368618
-0.313026368618
0.568738043308
0.331339925528
0.161769852042
-0.584338486195
-0.279112339020
0.738308131695
0.127855837345
0.466996014118
-0.448682427406
-0.482596457005
0.873964190483
-0.007800223771
0.399167954922
-0.380854398012
-0.652166545391
0.772222161293
0.060027807951
0.161769852042
-0.143456295133
-0.313026368618
0.534824013710
0.331339925528
0.127855837345
-0.482596457005
-0.279112339020
0.500910043716
0.127855837345
0.229597896338
-0.516510486603
-0.313026368618
0.806136190891
-0.007800223771
0.399167954922
-0.414768427610
-0.516510486603
0.907878220081
-0.007800223771
0.229597896338
-0.279112339020
-0.652166545391
0.806136190891
0.195683866739
0.127855837345
-0.279112339020
-0.414768427610
0.534824013710
0.263511896133
0.195683866739
-0.516510486603
-0.245198339224
0.602652072906
-0.007800223771
0.365253955126
-0.516510486603
-0.313026368618
0.840050160885
-0.007800223771
0.365253955126
-0.346940398216
-0.686080574989
0.840050160885
0.026113793254
0.060027807951
-0.346940398216
-0.584338486195
0.568738043308
0.195683866739
0.127855837345
-0.652166545391
-0.380854398012
0.568738043308
0.229597896338
0.263511896133
-0.516510486603
-0.177370309830
0.602652072906
-0.041714239866
0.297425925732
-0.414768427610
-0.584338486195
0.806136190891
0.026113793254
0.297425925732
-0.177370309830
-0.550424456596
0.840050160885
0.161769852042
0.297425925732
-0.279112339020
-0.482596457005
0.568738043308
0.229597896338
0.263511896133
-0.550424456596
-0.177370309830
0.670480072498
-0.007800223771
0.365253955126
-0.448682427406
-0.448682427406
0.840050160885
-0.041714239866
0.433081984520
-0.448682427406
-0.550424456596
0.840050160885
0.093941822648
0.060027807951
-0.211284324527
-0.482596457005
0.602652072906
0.195683866739
0.195683866739
-0.414768427610
-0.313026368618
0.534824013710
0.229597896338
0.263511896133
-0.618252515793
-0.245198339224
0.738308131695
-0.041714239866
0.365253955126
-0.482596457005
-0.516510486603
0.840050160885
0.026113793254
0.229597896338
-0.245198339224
-0.686080574989
0.873964190483
0.093941822648
0.161769852042
-0.211284324527
-0.380854398012
0.534824013710
0.263511896133
0.229597896338
-0.652166545391
-0.346940398216
0.602652072906
0.127855837345
0.466996014118
-0.482596457005
-0.414768427610
0.772222161293
-0.007800223771
0.399167954922
-0.482596457005
-0.719994544983
0.670480072498
-0.041714239866
0.195683866739
-0.279112339020
-0.448682427406
0.806136190891
0.297425925732
0.127855837345
-0.414768427610
-0.346940398216
0.500910043716
0.229597896338
0.161769852042
-0.584338486195
-0.245198339224
0.670480072498
-0.109542272985
0.500910043716
-0.550424456596
-0.380854398012
0.840050160885
-0.143456295133
0.195683866739
-0.279112339020
-0.482596457005
0.840050160885
-0.007800223771
-0.041714239866
-0.279112339020
-0.448682427406
0.568738043308
0.161769852042
0.161769852042
-0.584338486195
-0.211284324527
0.534824013710
0.026113793254
0.297425925732
-0.550424456596
-0.414768427610
0.670480072498
0.026113793254
0.433081984520
-0.380854398012
-0.719994544983
0.806136190891
-0.041714239866
0.161769852042
-0.346940398216
-0.584338486195
0.636566102505
0.229597896338
0.026113793254
-0.313026368618
-0.482596457005
0.602652072906
0.195683866739
0.195683866739
-0.652166545391
-0.380854398012
0.704394102097
-0.075628258288
0.433081984520
-0.482596457005
-0.448682427406
0.704394102097
-0.109542272985
0.229597896338
-0.346940398216
-0.686080574989
